[2015-07-04 15.23.11 HDR.jpg]
filters=finetune2=1,0.298246,0.218947,0.000000,00000000,0.730994;
moddate=939c203bd32ed201
width=3264
height=2448
textactive=0
